date,name,handle,followerCount,status,error
2026-08-26,0x,0xProject,0,error,Response returned an error code
2026-08-26,Agora,withAUSD,0,error,Response returned an error code
2026-08-26,AZEx,azex_io,0,error,Response returned an error code
2026-08-26,Aarna,aarnasays,0,error,Response returned an error code
2026-08-26,Accountable,AccountableData,0,error,Response returned an error code
2026-08-26,Across Protocol,AcrossProtocol,0,error,Response returned an error code
2026-08-26,Acurast,Acurast,0,error,Response returned an error code
2026-08-26,AethonSwap,AethonSwap,0,error,Response returned an error code
2026-08-26,Alchemy,Alchemy,0,error,Response returned an error code
2026-08-26,AllDomains,alldomains,0,error,Response returned an error code
2026-08-26,Allium,AlliumLabs,0,error,Response returned an error code
2026-08-26,Ambient,ambient_finance,0,error,Response returned an error code
2026-08-26,Ambire,ambirewallet,0,error,Response returned an error code
2026-08-26,Amertis,AmertisExchange,0,error,Response returned an error code
2026-08-26,Ammalgam,Ammalgam,0,error,Response returned an error code
2026-08-26,ApeBond,apebond,0,error,Response returned an error code
2026-08-26,Apriori,apriori,0,error,Response returned an error code
2026-08-26,Atlantis,atlantisdex_xyz,0,error,Response returned an error code
2026-08-26,Atomic Wallet,atomicwallet,0,error,Response returned an error code
2026-08-26,Azaar,AzaarExchange,0,error,Response returned an error code
2026-08-26,Backpack,Backpack,0,error,Response returned an error code
2026-08-26,Balancer,Balancer,0,error,Response returned an error code
2026-08-26,Band Protocol,BandProtocol,0,error,Response returned an error code
2026-08-26,Bean Exchange,Bean_DEX,0,error,Response returned an error code
2026-08-26,Bebop,bebop_dex,0,error,Response returned an error code
2026-08-26,Biconomy,biconomy,0,error,Response returned an error code
2026-08-26,Bima,bimabtc,0,error,Response returned an error code
2026-08-26,Birdeye,birdeye_so,0,error,Response returned an error code
2026-08-26,Birdeye Data Services,birdeye_data,0,error,Response returned an error code
2026-08-26,Bitget Wallet,BitgetWallet,0,error,Response returned an error code
2026-08-26,Blazpay,blazpaylabs,0,error,Response returned an error code
2026-08-26,BlockStreet,blockst_hq,0,error,Response returned an error code
2026-08-26,BlockVision,blockvisionhq,0,error,Response returned an error code
2026-08-26,Blockdaemon,BlockdaemonHQ,0,error,Response returned an error code
2026-08-26,Blocklive,blocklive_,0,error,Response returned an error code
2026-08-26,Breath of Estova,BreathOfEstova,0,error,Response returned an error code
2026-08-26,Buzzing App,BuzzingApp,0,error,Response returned an error code
2026-08-26,Bybit Web3 Wallet,Bybit_Web3,0,error,Response returned an error code
2026-08-26,CPLX,cplx_io,0,error,Response returned an error code
2026-08-26,CULT,cultdottrade,0,error,Response returned an error code
2026-08-26,Caddy Finance,caddyfi,0,error,Response returned an error code
2026-08-26,Capa,capa_fi,0,error,Response returned an error code
2026-08-26,Castora,Castora_xyz,0,error,Response returned an error code
2026-08-26,Catton AI,Cattontw,0,error,Response returned an error code
2026-08-26,Celeris,0xCeleris,0,error,Response returned an error code
2026-08-26,Chainbase,ChainbaseHQ,0,error,Response returned an error code
2026-08-26,Chainlink,chainlink,0,error,Response returned an error code
2026-08-26,Chainsight,Chainsight_,0,error,Response returned an error code
2026-08-26,Chronicle,ChronicleLabs,0,error,Response returned an error code
2026-08-26,Clober,CloberDEX,0,error,Response returned an error code
2026-08-26,CoNFT,ConftApp,0,error,Response returned an error code
2026-08-26,Codex,trycodex,0,error,Response returned an error code
2026-08-26,Coin98 AI Wallet,coin98_wallet,0,error,Response returned an error code
2026-08-26,Covenant,covenantFi,0,error,Response returned an error code
2026-08-26,Crust Finance,CrustFinance,0,error,Response returned an error code
2026-08-26,Crystal,CrystalExch,0,error,Response returned an error code
2026-08-26,Cult Markets,cultmarkets,0,error,Response returned an error code
2026-08-26,Curvance,Curvance,0,error,Response returned an error code
2026-08-26,Cycle Network,cyclenetwork_GO,0,error,Response returned an error code
2026-08-26,Cyferio,cyferio_labs,0,error,Response returned an error code
2026-08-26,DAU Cards,DAUCards,0,error,Response returned an error code
2026-08-26,DRKVRS,drkvrs,0,error,Response returned an error code
2026-08-26,DRPC,drpcorg,0,error,Response returned an error code
2026-08-26,DashX,dashxhq,0,error,Response returned an error code
2026-08-26,Defined,definedfi,0,error,Response returned an error code
2026-08-26,Demask Finance,demaskfinance,0,error,Response returned an error code
2026-08-26,Dialect,saydialect,0,error,Response returned an error code
2026-08-26,Diffuse,DiffuseFi,0,error,Response returned an error code
2026-08-26,Dirol Protocol,DirolProtocol,0,error,Response returned an error code
2026-08-26,DiscoCats,mydiscocats,0,error,Response returned an error code
2026-08-26,Doppler Finance,dopplerprotocol,0,error,Response returned an error code
2026-08-26,Drake,DrakeExchange,0,error,Response returned an error code
2026-08-26,Dune Analytics,Dune,0,error,Response returned an error code
2026-08-26,Dusted,dusted_app,0,error,Response returned an error code
2026-08-26,Dynamic,dynamic_xyz,0,error,Response returned an error code
2026-08-26,Dyson Finance,DysonFinance,0,error,Response returned an error code
2026-08-26,ELFi Protocol,ELFiProtocol,0,error,Response returned an error code
2026-08-26,EOracle,EO_Network,0,error,Response returned an error code
2026-08-26,Eisen Finance,EisenLabs,0,error,Response returned an error code
2026-08-26,Enjoyoors,enjoyoorsxyz,0,error,Response returned an error code
2026-08-26,Entangle,Entanglefi,0,error,Response returned an error code
2026-08-26,Envio,envio_indexer,0,error,Response returned an error code
2026-08-26,Euclid Protocol,EuclidProtocol,0,error,Response returned an error code
2026-08-26,Euler,eulerfinance,0,error,Response returned an error code
2026-08-26,FUKU,Fuku_nad,0,error,Response returned an error code
2026-08-26,FWX,fwxfinance,0,error,Response returned an error code
2026-08-26,Fans3 AI,Fans3_AI,0,error,Response returned an error code
2026-08-26,Farcaster,farcaster_xyz,0,error,Response returned an error code
2026-08-26,FastLane,0xFastLane,0,error,Response returned an error code
2026-08-26,Fiamma,fiamma_labs,0,error,Response returned an error code
2026-08-26,Fizen.io,fizenapp,0,error,Response returned an error code
2026-08-26,Flap,flapdotsh,0,error,Response returned an error code
2026-08-26,Flipside Crypto,flipsidecrypto,0,error,Response returned an error code
2026-08-26,Folks Finance,FolksFinance,0,error,Response returned an error code
2026-08-26,Fonbnk,fonbnk1,0,error,Response returned an error code
2026-08-26,Fortytwo,fortytwo,0,error,Response returned an error code
2026-08-26,FoxWallet,FoxWallet,0,error,Response returned an error code
2026-08-26,GM Agents,GMAgents_AI,0,error,Response returned an error code
2026-08-26,Garden,gardenfi,0,error,Response returned an error code
2026-08-26,Gasp,Gasp_xyz,0,error,Response returned an error code
2026-08-26,Gateway,Gateway_xyz,0,error,Response returned an error code
2026-08-26,Gearbox Protocol,GearboxProtocol,0,error,Response returned an error code
2026-08-26,Gelato,gelatonetwork,0,error,Response returned an error code
2026-08-26,Ghost,0xGhostLogs,0,error,Response returned an error code
2026-08-26,Gifted.art,gifteddotart,0,error,Response returned an error code
2026-08-26,GoPlus,goplussecurity,0,error,Response returned an error code
2026-08-26,Covalent,Covalent_HQ,0,error,Response returned an error code
2026-08-26,Golden Goose,GoldenGoose_app,0,error,Response returned an error code
2026-08-26,Goldsky,goldskyio,0,error,Response returned an error code
2026-08-26,Gorillionaire,gorillionaireai,0,error,Response returned an error code
2026-08-26,HaHa Wallet,haha_app,0,error,Response returned an error code
2026-08-26,Hashflow,hashflow,0,error,Response returned an error code
2026-08-26,Hawk Terminal,hawkterminal_HQ,0,error,Response returned an error code
2026-08-26,Hemera,HemeraProtocol,0,error,Response returned an error code
2026-08-26,Henry Labs,henrylabs,0,error,Response returned an error code
2026-08-26,Hive,Hive_Monad,0,error,Response returned an error code
2026-08-26,Hyperlane,hyperlane,0,error,Response returned an error code
2026-08-26,INFINIT,infinit_labs,0,error,Response returned an error code
2026-08-26,IZUMi Finance,izumi_Finance,0,error,Response returned an error code
2026-08-26,Impossible Finance,impossiblefi,0,error,Response returned an error code
2026-08-26,Index Network,indexnetwork_,0,error,Response returned an error code
2026-08-26,Jenius,JeniusRndm,0,error,Response returned an error code
2026-08-26,Jumper Exchange,jumperexchange,0,error,Response returned an error code
2026-08-26,KINETK,KINETK_AI,0,error,Response returned an error code
2026-08-26,Kansei,0xKansei,0,error,Response returned an error code
2026-08-26,KiloEx,KiloEx_perp,0,error,Response returned an error code
2026-08-26,Kingdomly,Kingdomlyapp,0,error,Response returned an error code
2026-08-26,Kintsu,Kintsu,0,error,Response returned an error code
2026-08-26,Kinza Finance,kinzafinance,0,error,Response returned an error code
2026-08-26,Kizzy,kizzymobile,0,error,Response returned an error code
2026-08-26,Kodeus AI,TheKodeusLabs,0,error,Response returned an error code
2026-08-26,Koywe,koywe_latam,0,error,Response returned an error code
2026-08-26,KuCoin,KuCoin_Web3,0,error,Response returned an error code
2026-08-26,Kuru,KuruExchange,0,error,Response returned an error code
2026-08-26,LAGOON,lagoon_finance,0,error,Response returned an error code
2026-08-26,LEVR.bet,levr_bet,0,error,Response returned an error code
2026-08-26,LFJ,LFJ_gg,0,error,Response returned an error code
2026-08-26,LI.FI,lifiprotocol,0,error,Response returned an error code
2026-08-26,LayerZero,LayerZero_Core,0,error,Response returned an error code
2026-08-26,Layerhub,layerhub,0,error,Response returned an error code
2026-08-26,Leap Wallet,leap_wallet,0,error,Response returned an error code
2026-08-26,Legends of Elysium,LegendsElysium,0,error,Response returned an error code
2026-08-26,LeverUp,LeverUp_xyz,0,error,Response returned an error code
2026-08-26,Likwid,likwid_fi,0,error,Response returned an error code
2026-08-26,Lombard,Lombard_Finance,0,error,Response returned an error code
2026-08-26,LootGO,lootgo_official,0,error,Response returned an error code
2026-08-26,Lootify,Lootify_xyz,0,error,Response returned an error code
2026-08-26,Lumiterra,LumiterraGame,0,error,Response returned an error code
2026-08-26,M0narch,MonadM0narch,0,error,Response returned an error code
2026-08-26,MERV,merv_wtf,0,error,Response returned an error code
2026-08-26,Mace,mace_ag,0,error,Response returned an error code
2026-08-26,Mach Exchange,mach_exchange,0,error,Response returned an error code
2026-08-26,Madhouse,usemadhouse,0,error,Response returned an error code
2026-08-26,Magic Eden,magiceden,0,error,Response returned an error code
2026-08-26,Magma,MagmaStaking,0,error,Response returned an error code
2026-08-26,Mahjong123,0xMJM,0,error,Response returned an error code
2026-08-26,Memesteroid,memesteroid,0,error,Response returned an error code
2026-08-26,Mentaport,mentaportinc,0,error,Response returned an error code
2026-08-26,Meow Finance,meowfi_,0,error,Response returned an error code
2026-08-26,Meta Leap,MetaLeap_io,0,error,Response returned an error code
2026-08-26,MetaKeep,metakeep,0,error,Response returned an error code
2026-08-26,Mflo,mfloai,0,error,Response returned an error code
2026-08-26,MindAgentsAI,MindAgentsAI,0,error,Response returned an error code
2026-08-26,Mintpad,mintpadco,0,error,Response returned an error code
2026-08-26,Mobula,Mobulaio,0,error,Response returned an error code
2026-08-26,MonadExplorer by BlockVision,blockvisionhq,0,error,Response returned an error code
2026-08-26,Monadata AI,monadata_ai,0,error,Response returned an error code
2026-08-26,Monday Trade,MondayTrade_,0,error,Response returned an error code
2026-08-26,Monorail,monorail_xyz,0,error,Response returned an error code
2026-08-26,Morpheus,Morpheus_Farm,0,error,Response returned an error code
2026-08-26,Moseiki,MoseikiApp,0,error,Response returned an error code
2026-08-26,Mozi,mozifinance,0,error,Response returned an error code
2026-08-26,Mu Digital,MuDigitalHQ,0,error,Response returned an error code
2026-08-26,Multipli,multiplifi,0,error,Response returned an error code
2026-08-26,Multisynq,multisynq,0,error,Response returned an error code
2026-08-26,NADSA,0xNADSA,0,error,Response returned an error code
2026-08-26,NFTs2Me,NFTs2Me,0,error,Response returned an error code
2026-08-26,NXTchain,NXT_chain,0,error,Response returned an error code
2026-08-26,Nabla Finance,nablafi,0,error,Response returned an error code
2026-08-26,Nad.fun,naddotfun,0,error,Response returned an error code
2026-08-26,NadSmith,NadSmith_,0,error,Response returned an error code
2026-08-26,Narrative,narrativexyz,0,error,Response returned an error code
2026-08-26,Narwhal Finance,Narwhal_Finance,0,error,Response returned an error code
2026-08-26,Neverland,neverland_money,0,error,Response returned an error code
2026-08-26,Nillion,nillion,0,error,Response returned an error code
2026-08-26,Router Protocol,routerprotocol,0,error,Response returned an error code
2026-08-26,NitroFinance,NitroFinance,0,error,Response returned an error code
2026-08-26,Nomas Wallet,NomasWalletReal,0,error,Response returned an error code
2026-08-26,Nostra,nostrafinance,0,error,Response returned an error code
2026-08-26,Notifi,NotifiNetwork,0,error,Response returned an error code
2026-08-26,Noves,noves_fi,0,error,Response returned an error code
2026-08-26,Nubila Network,nubilanetwork,0,error,Response returned an error code
2026-08-26,Nunchi,nunchi,0,error,Response returned an error code
2026-08-26,OKX Explorer,okxexplorer,0,error,Response returned an error code
2026-08-26,OKX Wallet,wallet,0,error,Response returned an error code
2026-08-26,OSL Pay,oslpay,0,error,Response returned an error code
2026-08-26,OctoSwap,octoswapdex,0,error,Response returned an error code
2026-08-26,Omnia,ExploreOmnia,0,error,Response returned an error code
2026-08-26,Opals,Opals_io,0,error,Response returned an error code
2026-08-26,OpenOcean,OpenOceanGlobal,0,error,Response returned an error code
2026-08-26,OpenSea,opensea,0,error,Response returned an error code
2026-08-26,Orbiter Finance,Orbiter_Finance,0,error,Response returned an error code
2026-08-26,Orderly Network,orderlynetwork,0,error,Response returned an error code
2026-08-26,Orochi Network,OrochiNetwork,0,error,Response returned an error code
2026-08-26,Outpost Surge,OutpostSurge,0,error,Response returned an error code
2026-08-26,Owlto Finance,Owlto_Finance,0,error,Response returned an error code
2026-08-26,PLAY Network,0xplay_network,0,error,Response returned an error code
2026-08-26,POINK,poinkofficial,0,error,Response returned an error code
2026-08-26,PancakeSwap,PancakeSwap,0,error,Response returned an error code
2026-08-26,Pangea,In_Pangea,0,error,Response returned an error code
2026-08-26,Para,get_para,0,error,Response returned an error code
2026-08-26,Pecker,pecker_so,0,error,Response returned an error code
2026-08-26,Peridot,peridotprotocol,0,error,Response returned an error code
2026-08-26,Permute Finance,permute_finance,0,error,Response returned an error code
2026-08-26,Perpl,perpltrade,0,error,Response returned an error code
2026-08-26,Phantom,phantom,0,error,Response returned an error code
2026-08-26,Pimlico,pimlicoHQ,0,error,Response returned an error code
2026-08-26,Pingu Exchange,PinguExchange,0,error,Response returned an error code
2026-08-26,Plato,plato2earn,0,error,Response returned an error code
2026-08-26,PolyFlow,Polyflow_PayFi,0,error,Response returned an error code
2026-08-26,Poply,poply_xyz,0,error,Response returned an error code
2026-08-26,Poster.fun,Posterdotfun,0,error,Response returned an error code
2026-08-26,Primex Finance,primex_official,0,error,Response returned an error code
2026-08-26,Primus,primus_labs,0,error,Response returned an error code
2026-08-26,Privy,privy_io,0,error,Response returned an error code
2026-08-26,Proof-of-Skill,proofofskill,0,error,Response returned an error code
2026-08-26,Puffer Finance,Puffer_Finance,0,error,Response returned an error code
2026-08-26,PumpBTC,Pumpbtcxyz,0,error,Response returned an error code
2026-08-26,Purps,PurpsExchange,0,error,Response returned an error code
2026-08-26,Pyth Network,PythNetwork,0,error,Response returned an error code
2026-08-26,QuickNode,QuickNode,0,error,Response returned an error code
2026-08-26,Rabble,0xRabble,0,error,Response returned an error code
2026-08-26,RareBetSports,RareBetSports,0,error,Response returned an error code
2026-08-26,Rayvo,rayvo_xyz,0,error,Response returned an error code
2026-08-26,RedStone,redstone_defi,0,error,Response returned an error code
2026-08-26,Redbrick,RedbrickLand,0,error,Response returned an error code
2026-08-26,Relend Network,relend_network,0,error,Response returned an error code
2026-08-26,Renzo,RenzoProtocol,0,error,Response returned an error code
2026-08-26,Reown,reown_,0,error,Response returned an error code
2026-08-26,Reservoir,reservoir0x,0,error,Response returned an error code
2026-08-26,RgbClash,rgbclash_xyz,0,error,Response returned an error code
2026-08-26,Rhino.fi,rhinofi,0,error,Response returned an error code
2026-08-26,Rubic,CryptoRubic,0,error,Response returned an error code
2026-08-26,Rug Rumble,RugRumble,0,error,Response returned an error code
2026-08-26,Rumi,RumiLabs_io,0,error,Response returned an error code
2026-08-26,SQD,helloSQD,0,error,Response returned an error code
2026-08-26,STAGE.fun,stagedotfun,0,error,Response returned an error code
2026-08-26,SafePal,iSafePal,0,error,Response returned an error code
2026-08-26,Scatter.art,scatter_art,0,error,Response returned an error code
2026-08-26,Sela Network,SelaNetwork,0,error,Response returned an error code
2026-08-26,Sherpa,sherpa_trade,0,error,Response returned an error code
2026-08-26,Showdown,showdown_gg,0,error,Response returned an error code
2026-08-26,Sidekick,Sidekick_Labs,0,error,Response returned an error code
2026-08-26,SkyTrade,SkyTradeNetwork,0,error,Response returned an error code
2026-08-26,Slogain,SlogainDaily,0,error,Response returned an error code
2026-08-26,Solv Protocol,SolvProtocol,0,error,Response returned an error code
2026-08-26,Spine Finance,spineprotocol,0,error,Response returned an error code
2026-08-26,Sprout,sproutfi_xyz,0,error,Response returned an error code
2026-08-26,StakeStone,stake_stone,0,error,Response returned an error code
2026-08-26,Stargate,StargateFinance,0,error,Response returned an error code
2026-08-26,StationX,stationxnetwork,0,error,Response returned an error code
2026-08-26,Stork,StorkOracle,0,error,Response returned an error code
2026-08-26,SubQuery,SubQueryNetwork,0,error,Response returned an error code
2026-08-26,Sumer,sumermoney,0,error,Response returned an error code
2026-08-26,Sunscreen,sunscreentech,0,error,Response returned an error code
2026-08-26,Swaap,SwaapFinance,0,error,Response returned an error code
2026-08-26,Switchboard,switchboardxyz,0,error,Response returned an error code
2026-08-26,Swyrl Finance,SwyrlFi,0,error,Response returned an error code
2026-08-26,T3rn,t3rn_io,0,error,Response returned an error code
2026-08-26,Tadle,tadle_com,0,error,Response returned an error code
2026-08-26,Talentum,TalentumID,0,error,Response returned an error code
2026-08-26,Tally,tallyxyz,0,error,Response returned an error code
2026-08-26,Tarobase,0xtarobase,0,error,Response returned an error code
2026-08-26,Terminal 3,terminal3io,0,error,Response returned an error code
2026-08-26,Tezza Poker,tezzapoker,0,error,Response returned an error code
2026-08-26,The Graph,graphprotocol,0,error,Response returned an error code
2026-08-26,The Vape Labs,thevapelabs,0,error,Response returned an error code
2026-08-26,Thirdweb,thirdweb,0,error,Response returned an error code
2026-08-26,Timelock,Timelock_Trade,0,error,Response returned an error code
2026-08-26,Timeswap,TimeswapLabs,0,error,Response returned an error code
2026-08-26,TokenPocket,TokenPocket_TP,0,error,Response returned an error code
2026-08-26,TownSquare,TownSquarexyz,0,error,Response returned an error code
2026-08-26,Tread.fi,tread_fi,0,error,Response returned an error code
2026-08-26,Triton One,triton_one,0,error,Response returned an error code
2026-08-26,Turnkey,turnkeyhq,0,error,Response returned an error code
2026-08-26,TypeX,TypeXKeyboard,0,error,Response returned an error code
2026-08-26,Uniswap,Uniswap,0,error,Response returned an error code
2026-08-26,Uniswap Wallet,Uniswap,0,error,Response returned an error code
2026-08-26,Unmarshal,unmarshalAI,0,error,Response returned an error code
2026-08-26,Valor Quest,valorquestgame,0,error,Response returned an error code
2026-08-26,Web3Auth,web3auth,0,error,Response returned an error code
2026-08-26,Winks.fun,winksdotfun,0,error,Response returned an error code
2026-08-26,Wonad,thiswonad,0,error,Response returned an error code
2026-08-26,Wormhole,wormhole,0,error,Response returned an error code
2026-08-26,X2C,PlayFlappyTrump,0,error,Response returned an error code
2026-08-26,XL,xldotfun,0,error,Response returned an error code
2026-08-26,Yamata,yamataexchange,0,error,Response returned an error code
2026-08-26,YieldKingZ,Yieldkingz,0,error,Response returned an error code
2026-08-26,Zapry,0xZapry,0,error,Response returned an error code
2026-08-26,Zerion,zerion,0,error,Response returned an error code
2026-08-26,ZeroDev,zerodev_app,0,error,Response returned an error code
2026-08-26,Zona,zona_io,0,error,Response returned an error code
2026-08-26,dFusion AI,dfusionai,0,error,Response returned an error code